1 7
10 7
100 7
1031 5
1032 5
1033 5
1034 5
1035 5
1036 5
1037 5
1038 5
1039 5
1040 5
1041 5
1042 5
1043 5
1044 5
1045 5
1046 5
1047 5
1048 5
1049 5
1050 5
1051 5
1052 5
1053 5
1054 5
1055 5
1056 5
1057 5
1058 5
1059 5
1060 5
1061 5
1062 5
1063 5
1064 5
1065 5
1066 5
1067 5
1068 5
1069 5
1070 5
1071 5
1072 5
1073 5
1074 5
1075 5
1076 5
1077 5
1078 5
1079 5
1080 5
1081 5
1082 5
1083 5
1084 5
1085 5
1086 5
1087 5
1088 5
1089 5
1090 5
1091 5
1092 5
1093 5
1094 5
1095 5
1096 5
1097 5
1098 5
1099 5
11 7
1100 5
1101 5
1102 5
1103 5
1104 5
1105 5
1106 5
1107 5
1108 5
1109 5
1110 5
1111 5
1112 5
1113 5
1114 5
1115 5
1116 5
1117 5
1118 5
1119 5
1120 5
1121 5
1122 5
1123 5
1124 5
1125 5
1126 5
1127 5
1128 5
1129 5
1130 5
12 7
13 7
1335 10
1336 10
1337 10
1338 10
1339 10
1340 10
1341 10
1342 10
1343 10
1344 10
1345 10
1346 10
1347 10
1348 10
1349 10
1350 10
1351 10
1352 10
1353 10
1354 10
1355 10
1356 10
1357 10
1358 10
1359 10
1360 10
1361 10
1362 10
1363 10
1364 10
1365 10
1366 10
1367 10
1368 10
1369 10
1370 10
1371 10
1372 10
1373 10
1374 10
1375 10
1376 10
1377 10
1378 10
1379 10
1380 10
1381 10
1382 10
1383 10
1384 10
1385 10
1386 10
1387 10
1388 10
1389 10
1390 10
1391 10
1392 10
1393 10
1394 10
1395 10
1396 10
1397 10
1398 10
1399 10
14 7
1400 10
1401 10
1402 10
1403 10
1404 10
1405 10
1406 10
1407 10
1408 10
1409 10
1410 10
1411 10
1412 10
1413 10
1414 10
1415 10
1416 10
1417 10
1418 10
1419 10
1420 10
1421 10
1422 10
1423 10
1424 10
1425 10
1426 10
1427 10
1428 10
1429 10
1430 10
1431 10
1432 10
1433 10
1434 10
15 7
16 7
1639 4
1640 4
1641 4
1642 4
1643 4
1644 4
1645 4
1646 4
1647 4
1648 4
1649 4
1650 4
1651 4
1652 4
1653 4
1654 4
1655 4
1656 4
1657 4
1658 4
1659 4
1660 4
1661 4
1662 4
1663 4
1664 4
1665 4
1666 4
1667 4
1668 4
1669 4
1670 4
1671 4
1672 4
1673 4
1674 4
1675 4
1676 4
1677 4
1678 4
1679 4
1680 4
1681 4
1682 4
1683 4
1684 4
1685 4
1686 4
1687 4
1688 4
1689 4
1690 4
1691 4
1692 4
1693 4
1694 4
1695 4
1696 4
1697 4
1698 4
1699 4
17 7
1700 4
1701 4
1702 4
1703 4
1704 4
1705 4
1706 4
1707 4
1708 4
1709 4
1710 4
1711 4
1712 4
1713 4
1714 4
1715 4
1716 4
1717 4
1718 4
1719 4
1720 4
1721 4
1722 4
1723 4
1724 4
1725 4
1726 4
1727 4
1728 4
1729 4
1730 4
1731 4
1732 4
1733 4
1734 4
1735 4
1736 4
1737 4
1738 4
18 7
19 7
1947 1
1948 1
1949 1
1950 1
1951 1
1952 1
1953 1
1954 1
1955 1
1956 1
1957 1
1958 1
1959 1
1960 1
1961 1
1962 1
1963 1
1964 1
1965 1
1966 1
1967 1
1968 1
1969 1
1970 1
1971 1
1972 1
1973 1
1974 1
1975 1
1976 1
1977 1
1978 1
1979 1
1980 1
1981 1
1982 1
1983 1
1984 1
1985 1
1986 1
1987 1
1988 1
1989 1
1990 1
1991 1
1992 1
1993 1
1994 1
1995 1
1996 1
1997 1
1998 1
1999 1
2 7
20 7
2000 1
2001 1
2002 1
2003 1
2004 1
2005 1
2006 1
2007 1
2008 1
2009 1
2010 1
2011 1
2012 1
2013 1
2014 1
2015 1
2016 1
2017 1
2018 1
2019 1
2020 1
2021 1
2022 1
2023 1
2024 1
2025 1
2026 1
2027 1
2028 1
2029 1
2030 1
2031 1
2032 1
2033 1
2034 1
2035 1
2036 1
2037 1
2038 1
2039 1
2040 1
2041 1
2042 1
2043 1
2044 1
2045 1
2046 1
21 7
22 7
2265 8
2266 8
2267 8
2268 8
2269 8
2270 8
2271 8
2272 8
2273 8
2274 8
2275 8
2276 8
2277 8
2278 8
2279 8
2280 8
2281 8
2282 8
2283 8
2284 8
2285 8
2286 8
2287 8
2288 8
2289 8
2290 8
2291 8
2292 8
2293 8
2294 8
2295 8
2296 8
2297 8
2298 8
2299 8
23 7
2300 8
2301 8
2302 8
2303 8
2304 8
2305 8
2306 8
2307 8
2308 8
2309 8
2310 8
2311 8
2312 8
2313 8
2314 8
2315 8
2316 8
2317 8
2318 8
2319 8
2320 8
2321 8
2322 8
2323 8
2324 8
2325 8
2326 8
2327 8
2328 8
2329 8
2330 8
2331 8
2332 8
2333 8
2334 8
2335 8
2336 8
2337 8
2338 8
2339 8
2340 8
2341 8
2342 8
2343 8
2344 8
2345 8
2346 8
2347 8
2348 8
2349 8
2350 8
2351 8
2352 8
2353 8
2354 8
2355 8
2356 8
2357 8
2358 8
2359 8
2360 8
2361 8
2362 8
2363 8
2364 8
24 7
25 7
26 7
2692 9
2693 9
2694 9
2695 9
2696 9
2697 9
2698 9
2699 9
27 7
2700 9
2701 9
2702 9
2703 9
2704 9
2705 9
2706 9
2707 9
2708 9
2709 9
2710 9
2711 9
2712 9
2713 9
2714 9
2715 9
2716 9
2717 9
2718 9
2719 9
2720 9
2721 9
2722 9
2723 9
2724 9
2725 9
2726 9
2727 9
2728 9
2729 9
2730 9
2731 9
2732 9
2733 9
2734 9
2735 9
2736 9
2737 9
2738 9
2739 9
2740 9
2741 9
2742 9
2743 9
2744 9
2745 9
2746 9
2747 9
2748 9
2749 9
2750 9
2751 9
2752 9
2753 9
2754 9
2755 9
2756 9
2757 9
2758 9
2759 9
2760 9
2761 9
2762 9
2763 9
2764 9
2765 9
2766 9
2767 9
2768 9
2769 9
2770 9
2771 9
2772 9
2773 9
2774 9
2775 9
2776 9
2777 9
2778 9
2779 9
2780 9
2781 9
2782 9
2783 9
2784 9
2785 9
2786 9
2787 9
2788 9
2789 9
2790 9
2791 9
28 7
29 7
296 2
297 2
298 2
299 2
3 7
30 7
300 2
301 2
302 2
303 2
304 2
305 2
306 2
307 2
308 2
309 2
31 7
310 2
311 2
312 2
3122 3
3123 3
3124 3
3125 3
3126 3
3127 3
3128 3
3129 3
313 2
3130 3
3131 3
3132 3
3133 3
3134 3
3135 3
3136 3
3137 3
3138 3
3139 3
314 2
3140 3
3141 3
3142 3
3143 3
3144 3
3145 3
3146 3
3147 3
3148 3
3149 3
315 2
3150 3
3151 3
3152 3
3153 3
3154 3
3155 3
3156 3
3157 3
3158 3
3159 3
316 2
3160 3
3161 3
3162 3
3163 3
3164 3
3165 3
3166 3
3167 3
3168 3
3169 3
317 2
3170 3
3171 3
3172 3
3173 3
3174 3
3175 3
3176 3
3177 3
3178 3
3179 3
318 2
3180 3
3181 3
3182 3
3183 3
3184 3
3185 3
3186 3
3187 3
3188 3
3189 3
319 2
3190 3
3191 3
3192 3
3193 3
3194 3
3195 3
3196 3
3197 3
3198 3
3199 3
32 7
320 2
3200 3
3201 3
3202 3
3203 3
3204 3
3205 3
3206 3
3207 3
3208 3
3209 3
321 2
3210 3
3211 3
3212 3
3213 3
3214 3
3215 3
3216 3
3217 3
3218 3
3219 3
322 2
3220 3
3221 3
323 2
324 2
325 2
326 2
327 2
328 2
329 2
33 7
330 2
331 2
332 2
333 2
334 2
335 2
336 2
337 2
338 2
339 2
34 7
340 2
341 2
342 2
343 2
344 2
345 2
346 2
347 2
348 2
349 2
35 7
350 2
351 2
352 2
353 2
354 2
355 2
356 2
357 2
358 2
359 2
36 7
360 2
361 2
362 2
363 2
364 2
365 2
366 2
367 2
368 2
369 2
37 7
370 2
371 2
372 2
373 2
374 2
375 2
376 2
377 2
378 2
379 2
38 7
380 2
381 2
382 2
383 2
384 2
385 2
386 2
387 2
388 2
389 2
39 7
390 2
391 2
392 2
393 2
394 2
395 2
4 7
40 7
41 7
42 7
43 7
44 7
45 7
46 7
47 7
48 7
49 7
5 7
50 7
51 7
52 7
53 7
54 7
55 7
56 7
57 7
58 7
59 7
6 7
60 7
601 6
602 6
603 6
604 6
605 6
606 6
607 6
608 6
609 6
61 7
610 6
611 6
612 6
613 6
614 6
615 6
616 6
617 6
618 6
619 6
62 7
620 6
621 6
622 6
623 6
624 6
625 6
626 6
627 6
628 6
629 6
63 7
630 6
631 6
632 6
633 6
63351 12
634 6
63412 12
63473 12
63485 12
635 6
63523 12
63587 12
636 6
63634 12
63641 12
63661 12
63670 12
637 6
63762 12
638 6
63811 12
63816 12
63817 12
63824 12
63834 12
63841 12
639 6
63911 12
63919 12
63976 12
64 7
640 6
64037 12
641 6
64131 12
64148 12
64183 12
642 6
64279 12
64291 12
643 6
64304 12
64331 12
64344 12
644 6
64452 12
64454 12
64484 12
64492 12
645 6
64501 12
64560 12
646 6
64600 12
64631 12
64683 12
647 6
64741 12
648 6
649 6
64940 12
64996 12
65 7
650 6
65087 12
651 6
652 6
65265 12
653 6
65302 12
65375 12
65380 12
654 6
65467 12
65487 12
655 6
65538 12
656 6
657 6
65780 12
658 6
659 6
65917 12
65928 12
65945 12
65948 12
66 7
660 6
66041 12
661 6
66158 12
662 6
66254 12
66260 12
66291 12
663 6
66366 12
664 6
66414 12
66466 12
665 6
66504 12
66529 12
666 6
66609 12
66638 12
66647 12
66663 11
66671 11
667 6
66707 11
668 6
669 6
67 7
670 6
671 6
672 6
673 6
674 6
675 6
676 6
677 6
678 6
679 6
68 7
680 6
681 6
682 6
683 6
684 6
685 6
686 6
687 6
688 6
689 6
69 7
690 6
691 6
692 6
693 6
694 6
695 6
696 6
697 6
698 6
699 6
7 7
70 7
700 6
71 7
72 7
72197 11
72207 11
72224 11
72244 11
72298 11
72376 11
72423 11
72430 11
72495 11
72585 11
72595 11
72604 11
72631 11
72645 11
72708 11
72738 11
72860 11
72942 11
72994 11
73 7
73048 11
73074 11
73091 11
73147 11
73151 11
73230 11
73253 11
73269 11
73275 11
73276 11
73335 11
73415 11
73428 11
73453 11
73476 11
73494 11
73513 11
73521 11
73557 11
73608 11
73611 11
73638 11
73647 11
73649 11
73656 11
73661 11
73666 11
73764 11
73774 11
73775 11
73840 11
73846 11
73862 11
73910 11
73934 11
73958 11
73969 11
73983 11
74 7
74008 11
74092 11
74111 11
74138 11
74152 11
74182 11
74220 11
74252 11
74302 11
74337 11
74338 11
74341 11
74363 11
74372 11
74392 11
74507 11
74521 11
74573 11
74602 11
74608 11
74626 11
74640 11
74644 11
75 7
76 7
77 7
78 7
79 7
8 7
80 7
81 7
82 7
83 7
84 7
85 7
86 7
87 7
88 7
89 7
9 7
90 7
91 7
92 7
93 7
94 7
95 7
96 7
97 7
98 7
99 7