1 7
10 11
100 8
1031 5
1032 5
1033 11
1034 10
1035 8
1036 8
1037 11
1038 11
1039 5
1040 11
1041 11
1042 5
1043 11
1044 3
1045 12
1046 11
1047 11
1048 10
1049 8
1050 11
1051 5
1052 11
1053 11
1054 11
1055 5
1056 11
1057 5
1058 11
1059 11
1060 5
1061 11
1062 11
1063 3
1064 11
1065 3
1066 5
1067 7
1068 4
1069 5
1070 11
1071 10
1072 11
1073 11
1074 11
1075 11
1076 11
1077 11
1078 11
1079 11
1080 12
1081 10
1082 11
1083 5
1084 11
1085 11
1086 11
1087 11
1088 4
1089 11
1090 2
1091 11
1092 9
1093 8
1094 11
1095 11
1096 11
1097 9
1098 7
1099 6
11 7
1100 11
1101 4
1102 5
1103 5
1104 11
1105 3
1106 11
1107 11
1108 5
1109 11
1110 10
1111 9
1112 10
1113 12
1114 5
1115 11
1116 11
1117 11
1118 11
1119 3
1120 11
1121 11
1122 5
1123 11
1124 11
1125 11
1126 5
1127 5
1128 11
1129 2
1130 11
12 11
13 11
1335 10
1336 4
1337 10
1338 11
1339 10
1340 10
1341 10
1342 10
1343 11
1344 10
1345 10
1346 10
1347 11
1348 10
1349 11
1350 4
1351 10
1352 8
1353 1
1354 10
1355 11
1356 10
1357 1
1358 10
1359 7
1360 10
1361 10
1362 5
1363 11
1364 10
1365 10
1366 10
1367 1
1368 11
1369 10
1370 11
1371 10
1372 10
1373 9
1374 10
1375 10
1376 10
1377 10
1378 11
1379 11
1380 10
1381 10
1382 10
1383 10
1384 1
1385 10
1386 10
1387 10
1388 10
1389 1
1390 11
1391 1
1392 10
1393 10
1394 1
1395 10
1396 10
1397 4
1398 10
1399 10
14 7
1400 11
1401 10
1402 10
1403 10
1404 10
1405 10
1406 5
1407 10
1408 3
1409 10
1410 10
1411 1
1412 10
1413 11
1414 11
1415 11
1416 9
1417 11
1418 8
1419 8
1420 10
1421 11
1422 10
1423 11
1424 11
1425 1
1426 10
1427 10
1428 11
1429 10
1430 10
1431 10
1432 1
1433 4
1434 10
15 7
16 11
1639 4
1640 4
1641 11
1642 11
1643 4
1644 4
1645 4
1646 4
1647 11
1648 4
1649 4
1650 11
1651 4
1652 11
1653 4
1654 4
1655 11
1656 11
1657 4
1658 5
1659 9
1660 4
1661 4
1662 5
1663 4
1664 4
1665 11
1666 11
1667 2
1668 4
1669 4
1670 4
1671 4
1672 4
1673 11
1674 2
1675 4
1676 8
1677 4
1678 4
1679 11
1680 4
1681 4
1682 11
1683 4
1684 4
1685 11
1686 4
1687 4
1688 4
1689 4
1690 3
1691 8
1692 11
1693 11
1694 8
1695 11
1696 4
1697 4
1698 4
1699 4
17 7
1700 10
1701 8
1702 3
1703 8
1704 3
1705 11
1706 4
1707 11
1708 6
1709 4
1710 4
1711 11
1712 4
1713 11
1714 8
1715 4
1716 4
1717 4
1718 4
1719 4
1720 4
1721 11
1722 7
1723 4
1724 4
1725 8
1726 4
1727 12
1728 4
1729 4
1730 11
1731 4
1732 11
1733 11
1734 4
1735 11
1736 4
1737 4
1738 4
18 11
19 11
1947 10
1948 1
1949 1
1950 1
1951 1
1952 1
1953 1
1954 4
1955 1
1956 1
1957 1
1958 1
1959 1
1960 10
1961 1
1962 1
1963 1
1964 1
1965 1
1966 1
1967 1
1968 1
1969 1
1970 1
1971 1
1972 1
1973 1
1974 1
1975 11
1976 10
1977 1
1978 11
1979 1
1980 1
1981 1
1982 1
1983 1
1984 1
1985 1
1986 1
1987 1
1988 1
1989 1
1990 1
1991 11
1992 1
1993 1
1994 1
1995 1
1996 4
1997 1
1998 1
1999 7
2 9
20 7
2000 1
2001 1
2002 11
2003 11
2004 1
2005 1
2006 1
2007 12
2008 1
2009 1
2010 1
2011 1
2012 1
2013 1
2014 1
2015 1
2016 1
2017 10
2018 10
2019 1
2020 1
2021 11
2022 1
2023 1
2024 1
2025 1
2026 1
2027 11
2028 1
2029 1
2030 1
2031 11
2032 1
2033 1
2034 1
2035 1
2036 1
2037 1
2038 11
2039 1
2040 1
2041 11
2042 1
2043 1
2044 1
2045 1
2046 1
21 7
22 11
2265 8
2266 8
2267 11
2268 3
2269 8
2270 8
2271 8
2272 11
2273 11
2274 9
2275 8
2276 6
2277 11
2278 11
2279 4
2280 8
2281 8
2282 8
2283 8
2284 11
2285 7
2286 8
2287 11
2288 11
2289 11
2290 8
2291 9
2292 8
2293 8
2294 9
2295 8
2296 7
2297 11
2298 8
2299 8
23 11
2300 4
2301 8
2302 8
2303 8
2304 12
2305 8
2306 8
2307 8
2308 8
2309 11
2310 8
2311 10
2312 8
2313 8
2314 11
2315 8
2316 8
2317 8
2318 8
2319 4
2320 11
2321 8
2322 11
2323 8
2324 8
2325 8
2326 8
2327 8
2328 8
2329 8
2330 11
2331 8
2332 8
2333 8
2334 8
2335 8
2336 10
2337 8
2338 8
2339 8
2340 8
2341 8
2342 8
2343 11
2344 8
2345 8
2346 8
2347 8
2348 8
2349 8
2350 8
2351 11
2352 8
2353 8
2354 7
2355 8
2356 11
2357 8
2358 8
2359 6
2360 8
2361 8
2362 11
2363 8
2364 8
24 9
25 7
26 7
2692 9
2693 11
2694 11
2695 9
2696 9
2697 9
2698 9
2699 10
27 7
2700 9
2701 11
2702 4
2703 11
2704 11
2705 11
2706 9
2707 11
2708 11
2709 11
2710 9
2711 9
2712 9
2713 11
2714 11
2715 5
2716 9
2717 9
2718 11
2719 9
2720 9
2721 11
2722 11
2723 11
2724 9
2725 11
2726 9
2727 11
2728 5
2729 9
2730 9
2731 11
2732 9
2733 9
2734 11
2735 9
2736 3
2737 9
2738 9
2739 7
2740 9
2741 9
2742 4
2743 8
2744 9
2745 9
2746 9
2747 11
2748 8
2749 11
2750 11
2751 3
2752 9
2753 9
2754 9
2755 11
2756 9
2757 11
2758 3
2759 9
2760 9
2761 11
2762 9
2763 11
2764 11
2765 9
2766 9
2767 3
2768 4
2769 11
2770 9
2771 11
2772 9
2773 7
2774 9
2775 9
2776 11
2777 4
2778 11
2779 8
2780 9
2781 9
2782 4
2783 9
2784 11
2785 11
2786 3
2787 9
2788 8
2789 11
2790 4
2791 11
28 8
29 7
296 3
297 6
298 9
299 11
3 11
30 9
300 7
301 9
302 12
303 11
304 11
305 11
306 11
307 2
308 6
309 2
31 9
310 3
311 3
312 11
3122 9
3123 3
3124 3
3125 4
3126 3
3127 3
3128 3
3129 8
313 11
3130 6
3131 3
3132 11
3133 3
3134 11
3135 3
3136 3
3137 3
3138 3
3139 3
314 11
3140 3
3141 11
3142 3
3143 3
3144 3
3145 11
3146 9
3147 3
3148 3
3149 3
315 2
3150 11
3151 3
3152 11
3153 9
3154 11
3155 3
3156 3
3157 3
3158 3
3159 3
316 2
3160 3
3161 3
3162 2
3163 3
3164 3
3165 3
3166 3
3167 3
3168 3
3169 3
317 6
3170 3
3171 3
3172 3
3173 3
3174 2
3175 3
3176 3
3177 3
3178 3
3179 3
318 11
3180 3
3181 3
3182 3
3183 3
3184 3
3185 11
3186 2
3187 11
3188 3
3189 11
319 11
3190 11
3191 3
3192 3
3193 3
3194 11
3195 3
3196 3
3197 3
3198 3
3199 4
32 7
320 11
3200 3
3201 3
3202 3
3203 3
3204 3
3205 3
3206 3
3207 3
3208 3
3209 3
321 2
3210 1
3211 3
3212 3
3213 3
3214 3
3215 8
3216 3
3217 11
3218 3
3219 3
322 11
3220 3
3221 3
323 11
324 2
325 11
326 8
327 2
328 2
329 2
33 7
330 11
331 11
332 2
333 2
334 4
335 2
336 2
337 3
338 2
339 2
34 11
340 7
341 2
342 11
343 11
344 2
345 11
346 2
347 2
348 6
349 2
35 7
350 2
351 5
352 2
353 2
354 10
355 1
356 2
357 6
358 8
359 11
36 11
360 11
361 11
362 11
363 7
364 1
365 6
366 11
367 2
368 6
369 2
37 3
370 11
371 7
372 3
373 3
374 6
375 3
376 11
377 11
378 11
379 2
38 11
380 11
381 11
382 11
383 2
384 11
385 2
386 6
387 7
388 3
389 3
39 7
390 3
391 2
392 2
393 11
394 11
395 2
4 11
40 7
41 7
42 11
43 7
44 10
45 7
46 7
47 3
48 7
49 11
5 11
50 7
51 11
52 7
53 7
54 11
55 7
56 9
57 7
58 7
59 7
6 7
60 1
601 11
602 6
603 6
604 6
605 6
606 6
607 6
608 6
609 8
61 1
610 2
611 6
612 6
613 11
614 6
615 6
616 6
617 6
618 2
619 6
62 11
620 6
621 6
622 6
623 6
624 11
625 6
626 6
627 6
628 11
629 6
63 7
630 2
631 6
632 6
633 6
63351 1
634 6
63412 11
63473 4
63485 1
635 6
63523 3
63587 11
636 11
63634 12
63641 4
63661 11
63670 12
637 6
63762 11
638 6
63811 3
63816 1
63817 11
63824 11
63834 8
63841 11
639 3
63911 11
63919 12
63976 11
64 11
640 3
64037 12
641 6
64131 11
64148 8
64183 9
642 11
64279 5
64291 12
643 6
64304 4
64331 3
64344 4
644 6
64452 11
64454 11
64484 11
64492 12
645 6
64501 11
64560 10
646 6
64600 5
64631 11
64683 3
647 6
64741 11
648 6
649 6
64940 12
64996 10
65 11
650 6
65087 4
651 6
652 11
65265 12
653 11
65302 5
65375 3
65380 4
654 6
65467 1
65487 4
655 11
65538 1
656 6
657 6
65780 12
658 6
659 3
65917 3
65928 11
65945 12
65948 1
66 7
660 6
66041 12
661 6
66158 5
662 6
66254 1
66260 1
66291 11
663 6
66366 11
664 6
66414 12
66466 12
665 11
66504 12
66529 8
666 6
66609 12
66638 11
66647 1
66663 1
66671 3
667 3
66707 3
668 6
669 6
67 7
670 6
671 6
672 11
673 6
674 11
675 6
676 11
677 11
678 6
679 6
68 7
680 6
681 6
682 6
683 3
684 6
685 3
686 6
687 7
688 11
689 2
69 7
690 6
691 2
692 6
693 6
694 6
695 6
696 9
697 6
698 6
699 6
7 7
70 11
700 8
71 9
72 11
72197 11
72207 2
72224 4
72244 7
72298 11
72376 2
72423 11
72430 8
72495 11
72585 11
72595 4
72604 11
72631 8
72645 8
72708 11
72738 11
72860 11
72942 11
72994 11
73 8
73048 11
73074 11
73091 11
73147 4
73151 6
73230 11
73253 11
73269 11
73275 11
73276 5
73335 11
73415 11
73428 4
73453 11
73476 7
73494 8
73513 9
73521 9
73557 9
73608 11
73611 9
73638 8
73647 9
73649 11
73656 7
73661 11
73666 11
73764 2
73774 11
73775 11
73840 11
73846 11
73862 1
73910 6
73934 7
73958 10
73969 2
73983 11
74 11
74008 11
74092 11
74111 3
74138 11
74152 11
74182 11
74220 3
74252 3
74302 7
74337 11
74338 9
74341 11
74363 11
74372 9
74392 11
74507 1
74521 11
74573 11
74602 11
74608 3
74626 11
74640 9
74644 11
75 7
76 7
77 5
78 11
79 7
8 11
80 1
81 11
82 11
83 3
84 11
85 11
86 11
87 7
88 2
89 8
9 7
90 7
91 7
92 7
93 7
94 11
95 7
96 11
97 11
98 7
99 7
